
22.457023 1408.618774 1083.449340 0.000000 0.000000 0.000000 66 5 1744
237.154556 1073.390258 1083.321533 0.000000 0.000000 0.000000 432 6 2096
235.693405 1074.230834 1084.187500 0.000000 0.000000 0.000000 432 6 1747
236.527999 1072.342163 1084.192382 0.000000 0.000000 0.000000 432 6 1786
234.879409 1071.082153 1083.135620 -1.000000 -1.699999 -47.799999 432 6 1717
237.178421 1070.601806 1083.056274 0.000000 -1.099999 -88.400016 432 6 1701
239.290298 1070.821411 1083.046997 0.000000 0.000000 0.000000 432 6 1793
240.335556 1070.984741 1083.222778 0.699999 -0.900000 88.299987 432 6 2356
236.990203 1072.893310 1083.126831 0.000000 0.000000 -91.799987 432 6 1701
240.396911 1069.817993 1083.614624 0.700000 0.999999 -92.300033 432 6 2332
